 2019/03/13 15:14:17 237.23  -0.67  2446 -45.84  149.13  4539
 2019/03/13 15:14:42 234.09   0.41  2326 -46.56  151.10  4541
 2019/03/13 15:15:07 230.62   1.49  2212 -47.25  153.12  4543
 2019/03/13 15:15:32 226.80   2.55  2106 -47.89  155.20  4544
 2019/03/13 15:15:57 222.59   3.57  2009 -48.49  157.32  4545
 2019/03/13 15:16:22 217.97   4.54  1922 -49.04  159.50  4547
 2019/03/13 15:16:47 212.95   5.42  1847 -49.55  161.73  4548
 2019/03/13 15:17:12 207.53   6.18  1786 -50.01  164.01  4549
 2019/03/13 15:17:37 201.76   6.78  1739 -50.42  166.33  4550
 2019/03/13 15:18:02 195.72   7.19  1708 -50.78  168.69  4551
 2019/03/13 15:18:27 189.52   7.37  1695 -51.09  171.08  4551
 2019/03/13 15:18:52 183.28   7.33  1698 -51.34  173.50  4552
 2019/03/13 15:19:17 177.13   7.05  1720 -51.54  175.95  4552
 2019/03/13 15:19:42 171.20   6.56  1757 -51.68  178.42  4553
 2019/03/13 15:20:07 165.58   5.89  1811 -51.77 -179.10  4553
 2019/03/13 15:20:31 160.32   5.08  1878 -51.79 -176.61  4553
 2019/03/13 15:20:56 155.48   4.16  1959 -51.77 -174.12  4553
 2019/03/13 15:21:21 151.04   3.17  2050 -51.68 -171.64  4553
 2019/03/13 15:21:46 147.00   2.13  2152 -51.54 -169.18  4553
 2019/03/13 15:22:11 143.33   1.07  2261 -51.34 -166.73  4552
