 2019/03/13 16:52:20 217.91   0.00  2377 -51.67  154.60  4553
 2019/03/13 16:52:30 216.69   0.46  2327 -51.71  155.60  4553
 2019/03/13 16:52:40 215.43   0.92  2277 -51.75  156.59  4553
 2019/03/13 16:52:50 214.10   1.39  2228 -51.77  157.59  4553
 2019/03/13 16:53:00 212.72   1.85  2181 -51.79  158.58  4553
 2019/03/13 16:53:10 211.29   2.31  2134 -51.79  159.58  4553
 2019/03/13 16:53:20 209.78   2.77  2089 -51.79  160.58  4553
 2019/03/13 16:53:30 208.22   3.23  2045 -51.78  161.58  4553
 2019/03/13 16:53:40 206.58   3.68  2002 -51.76  162.57  4553
 2019/03/13 16:53:50 204.88   4.14  1961 -51.73  163.57  4553
 2019/03/13 16:54:00 203.10   4.58  1922 -51.69  164.56  4553
 2019/03/13 16:54:10 201.25   5.02  1884 -51.64  165.55  4553
 2019/03/13 16:54:20 199.32   5.44  1848 -51.59  166.54  4553
 2019/03/13 16:54:30 197.32   5.86  1814 -51.52  167.53  4553
 2019/03/13 16:54:40 195.24   6.25  1782 -51.45  168.51  4552
 2019/03/13 16:54:50 193.09   6.63  1751 -51.36  169.49  4552
 2019/03/13 16:55:00 190.86   6.99  1724 -51.27  170.47  4552
 2019/03/13 16:55:10 188.56   7.33  1698 -51.17  171.44  4552
 2019/03/13 16:55:20 186.19   7.64  1675 -51.06  172.41  4552
 2019/03/13 16:55:30 183.75   7.92  1655 -50.94  173.37  4551
 2019/03/13 16:55:40 181.26   8.17  1637 -50.81  174.33  4551
 2019/03/13 16:55:50 178.71   8.38  1622 -50.67  175.28  4551
 2019/03/13 16:56:00 176.12   8.55  1610 -50.53  176.22  4551
 2019/03/13 16:56:10 173.49   8.68  1601 -50.38  177.16  4550
 2019/03/13 16:56:20 170.84   8.77  1594 -50.22  178.10  4550
 2019/03/13 16:56:30 168.17   8.82  1591 -50.05  179.02  4550
 2019/03/13 16:56:40 165.49   8.82  1591 -49.87  179.94  4549
 2019/03/13 16:56:50 162.82   8.78  1594 -49.68 -179.15  4549
 2019/03/13 16:57:00 160.16   8.69  1599 -49.49 -178.24  4548
 2019/03/13 16:57:10 157.53   8.56  1608 -49.29 -177.35  4548
 2019/03/13 16:57:20 154.93   8.39  1620 -49.08 -176.46  4548
 2019/03/13 16:57:30 152.37   8.18  1634 -48.87 -175.57  4547
 2019/03/13 16:57:40 149.87   7.94  1651 -48.64 -174.70  4547
 2019/03/13 16:57:50 147.42   7.66  1671 -48.41 -173.83  4546
 2019/03/13 16:58:00 145.04   7.35  1694 -48.18 -172.98  4546
 2019/03/13 16:58:10 142.73   7.02  1719 -47.93 -172.13  4545
 2019/03/13 16:58:20 140.49   6.66  1746 -47.68 -171.29  4545
 2019/03/13 16:58:30 138.32   6.28  1776 -47.42 -170.46  4544
 2019/03/13 16:58:40 136.23   5.88  1808 -47.16 -169.63  4543
 2019/03/13 16:58:50 134.21   5.47  1841 -46.89 -168.82  4543
 2019/03/13 16:59:00 132.27   5.04  1877 -46.61 -168.01  4542
 2019/03/13 16:59:10 130.41   4.60  1915 -46.33 -167.21  4542
 2019/03/13 16:59:20 128.62   4.15  1954 -46.04 -166.43  4541
 2019/03/13 16:59:30 126.90   3.70  1995 -45.74 -165.65  4540
 2019/03/13 16:59:40 125.26   3.24  2037 -45.44 -164.87  4540
 2019/03/13 16:59:50 123.68   2.78  2081 -45.14 -164.11  4539
 2019/03/13 17:00:00 122.17   2.32  2126 -44.82 -163.36  4538
 2019/03/13 17:00:10 120.72   1.86  2173 -44.50 -162.61  4538
 2019/03/13 17:00:20 119.33   1.39  2220 -44.18 -161.87  4537
 2019/03/13 17:00:30 118.00   0.93  2269 -43.85 -161.15  4536
 2019/03/13 17:00:40 116.72   0.46  2318 -43.52 -160.43  4535
 2019/03/13 17:00:50 115.50   0.00  2369 -43.18 -159.71  4535
