 2019/03/13 17:51:54 217.41   0.00  1976 -49.74  158.68  3835
 2019/03/13 17:52:04 216.51   0.59  1911 -49.54  159.62  3834
 2019/03/13 17:52:14 215.55   1.19  1847 -49.33  160.54  3833
 2019/03/13 17:52:24 214.52   1.81  1783 -49.12  161.46  3832
 2019/03/13 17:52:34 213.42   2.45  1720 -48.90  162.37  3831
 2019/03/13 17:52:44 212.24   3.12  1658 -48.67  163.27  3830
 2019/03/13 17:52:54 210.96   3.80  1596 -48.44  164.16  3829
 2019/03/13 17:53:04 209.59   4.50  1535 -48.19  165.05  3828
 2019/03/13 17:53:14 208.10   5.24  1474 -47.94  165.92  3827
 2019/03/13 17:53:24 206.48   5.99  1415 -47.68  166.79  3826
 2019/03/13 17:53:34 204.72   6.78  1357 -47.42  167.65  3825
 2019/03/13 17:53:44 202.81   7.59  1300 -47.15  168.49  3824
 2019/03/13 17:53:54 200.71   8.44  1245 -46.87  169.33  3823
 2019/03/13 17:54:04 198.42   9.30  1192 -46.58  170.16  3821
 2019/03/13 17:54:14 195.91  10.20  1140 -46.29  170.98  3820
 2019/03/13 17:54:24 193.15  11.11  1091 -45.99  171.79  3819
 2019/03/13 17:54:34 190.12  12.04  1045 -45.68  172.60  3818
 2019/03/13 17:54:44 186.80  12.97  1001 -45.37  173.39  3816
 2019/03/13 17:54:54 183.17  13.89   961 -45.05  174.17  3815
 2019/03/13 17:55:04 179.21  14.78   925 -44.73  174.95  3814
 2019/03/13 17:55:14 174.91  15.61   893 -44.40  175.71  3813
 2019/03/13 17:55:24 170.29  16.36   865 -44.07  176.47  3811
 2019/03/13 17:55:34 165.36  16.99   843 -43.73  177.22  3810
 2019/03/13 17:55:44 160.17  17.47   827 -43.38  177.96  3809
 2019/03/13 17:55:54 154.80  17.77   817 -43.03  178.69  3807
 2019/03/13 17:56:04 149.32  17.88   813 -42.67  179.41  3806
 2019/03/13 17:56:14 143.83  17.78   816 -42.31 -179.88  3804
 2019/03/13 17:56:24 138.43  17.49   824 -41.94 -179.17  3803
 2019/03/13 17:56:34 133.20  17.01   839 -41.57 -178.48  3801
 2019/03/13 17:56:44 128.22  16.39   860 -41.20 -177.79  3800
 2019/03/13 17:56:54 123.53  15.64   886 -40.82 -177.11  3799
 2019/03/13 17:57:04 119.16  14.80   917 -40.43 -176.44  3797
 2019/03/13 17:57:14 115.13  13.90   953 -40.04 -175.78  3796
 2019/03/13 17:57:24 111.44  12.96   992 -39.65 -175.12  3794
 2019/03/13 17:57:34 108.06  12.02  1035 -39.25 -174.48  3792
 2019/03/13 17:57:44 104.97  11.07  1081 -38.85 -173.84  3791
 2019/03/13 17:57:54 102.17  10.14  1130 -38.44 -173.21  3789
 2019/03/13 17:58:04  99.61   9.23  1181 -38.03 -172.58  3788
 2019/03/13 17:58:14  97.27   8.35  1234 -37.62 -171.97  3786
 2019/03/13 17:58:24  95.14   7.49  1289 -37.20 -171.36  3785
 2019/03/13 17:58:34  93.20   6.66  1345 -36.78 -170.76  3783
 2019/03/13 17:58:44  91.41   5.87  1403 -36.36 -170.16  3782
 2019/03/13 17:58:54  89.77   5.10  1462 -35.93 -169.57  3780
 2019/03/13 17:59:04  88.26   4.35  1522 -35.50 -168.99  3778
 2019/03/13 17:59:14  86.87   3.64  1583 -35.06 -168.42  3777
 2019/03/13 17:59:24  85.58   2.94  1645 -34.63 -167.85  3775
 2019/03/13 17:59:34  84.38   2.27  1708 -34.19 -167.28  3773
 2019/03/13 17:59:44  83.27   1.62  1771 -33.74 -166.73  3772
 2019/03/13 17:59:54  82.24   1.00  1835 -33.30 -166.18  3770
 2019/03/13 18:00:04  81.27   0.38  1899 -32.85 -165.63  3768
