-------------------------------------------------------------
 Time                  Az      El  Range   Lat    Lon   Footp
-------------------------------------------------------------
 2019/03/13 13:07:44 268.32   0.00  1970 -35.60  153.55  3820
 2019/03/13 13:08:08 265.47   1.33  1829 -36.61  154.94  3822
 2019/03/13 13:08:31 262.14   2.73  1693 -37.60  156.36  3825
 2019/03/13 13:08:55 258.26   4.19  1562 -38.57  157.83  3827
 2019/03/13 13:09:19 253.68   5.71  1440 -39.51  159.34  3830
 2019/03/13 13:09:42 248.28   7.26  1328 -40.44  160.89  3832
 2019/03/13 13:10:06 241.91   8.80  1229 -41.34  162.48  3834
 2019/03/13 13:10:30 234.47  10.24  1146 -42.22  164.12  3836
 2019/03/13 13:10:53 225.98  11.45  1083 -43.06  165.81  3838
 2019/03/13 13:11:17 216.59  12.25  1045 -43.88  167.55  3840
 2019/03/13 13:11:40 206.70  12.52  1032 -44.67  169.34  3841
 2019/03/13 13:12:04 196.84  12.21  1048 -45.43  171.18  3843
 2019/03/13 13:12:28 187.54  11.37  1090 -46.15  173.07  3844
 2019/03/13 13:12:51 179.16  10.15  1155 -46.84  175.01  3846
 2019/03/13 13:13:15 171.86   8.71  1240 -47.49  177.00  3847
 2019/03/13 13:13:39 165.61   7.18  1341 -48.10  179.04  3848
 2019/03/13 13:14:02 160.31   5.64  1454 -48.67 -178.86  3849
 2019/03/13 13:14:26 155.81   4.13  1577 -49.19 -176.72  3849
 2019/03/13 13:14:49 151.99   2.69  1708 -49.68 -174.54  3850
 2019/03/13 13:15:13 148.72   1.31  1845 -50.11 -172.31  3851
